
//nb dock
8
//capacite de stockage de l'entrepot
100
//table des temps de transports
0.002 0.00475 0.0075 0.01025 0.01825 0.0155 0.01275 0.01
0.00475 0.002 0.00475 0.0075 0.0155 0.01275 0.01 0.01275
0.0075 0.00475 0.002 0.00475 0.01275 0.01 0.01275 0.0155
0.01025 0.0075 0.00475 0.002 0.01 0.01275 0.0155 0.01825
0.01825 0.0155 0.01275 0.01 0.002 0.00475 0.0075 0.01025
0.0155 0.01275 0.01 0.01275 0.00475 0.002 0.00475 0.0075
0.01275 0.01 0.01275 0.0155 0.0075 0.00475 0.002 0.00475
0.01 0.01275 0.0155 0.01825 0.01025 0.0075 0.00475 0.002
table des couts de transports
0.0 5.5 11.0 16.5 32.5 27.0 21.5 16.0
5.5 0.0 5.5 11.0 27.0 21.5 16.0 21.5
11.0 5.5 0.0 5.5 21.5 16.0 21.5 27.0
16.5 11.0 5.5 0.0 16.0 21.5 27.0 32.5
32.5 27.0 21.5 16.0 0.0 5.5 11.0 16.5
27.0 21.5 16.0 21.5 5.5 0.0 5.5 11.0
21.5 16.0 21.5 27.0 11.0 5.5 0.0 5.5
16.0 21.5 27.0 32.5 16.5 11.0 5.5 0.0
//ID des quais
quai 1
quai 2
quai 3
quai 4
quai 5
quai 6
quai 7
quai 8
